30
1 -1 0
1 1 0
-1 1 0
-1 -1 0
1 -1 4
1 1 4
-1 1 4
-1 -1 4
0.8 0 4.2
0.8 0 7.2
0.7 0 7.2
0.7 0 4.2
0.7 0 7.2
-0.2 0 6.7
0 0 6.7
-0.2 0 6.7
0 0 6.7
-0.9 0 6.2
-0.6 0 6.2
-0.9 0 6.2
-0.6 0 6.2
-0.9 0 5.2
-0.6 0 5.2
-0.9 0 5.2
-0.6 0 5.2
-0.9 0 4.7
-0.6 0 4.7
-0.9 0 4.7
-0.6 0 4.7
0.7 0 4.2

22
0 2 1
0 3 2
4 5 6
4 6 7
0 4 7
0 7 3
2 3 7
2 7 6
1 2 6
1 6 5
0 1 5
0 5 4
8 9 10
8 10 11
12 13 14
15 17 18
15 18 16
19 21 22
19 22 20
23 25 26
23 26 24
27 29 28

102 255 0
102 255 0
102 255 0
102 255 0
102 255 0
102 255 0
102 255 0
102 255 0
255 255 255
255 255 255
255 255 255
255 255 255
91 60 17
91 60 17
91 60 17
91 60 17
91 60 17
91 60 17
91 60 17
91 60 17
91 60 17
91 60 17
91 60 17
91 60 17
91 60 17
91 60 17
91 60 17
91 60 17
91 60 17
91 60 17
