24
2 -2 0
-2 2 0
-2 -2 0
2 2 0
2 -2 4
-2 2 4
-2 -2 4
2 2 4
1.8 -1.8 4
-1.8 1.8 4
-1.8 -1.8 4
1.8 1.8 4
1.8 -1.8 7.6
-1.8 1.8 7.6
-1.8 -1.8 7.6
1.8 1.8 7.6
1 -1 7.6
-1 1 7.6
-1 -1 7.6
1 1 7.6
1 -1 9.6
-1 1 9.6
-1 -1 9.6
1 1 9.6
30
1 7 3
1 5 7
3 7 4
3 4 0
0 4 6
0 6 2
2 6 5
2 5 1
4 7 5
4 5 6
9 15 11
9 13 15
11 15 12
11 12 8
8 12 14
8 14 10
10 14 13
10 13 9
12 15 13
12 13 14
17 23 19
17 21 23
19 23 20
19 20 16
16 20 22
16 22 18
18 22 21
18 21 17
20 23 21
20 21 22
30
255 255 255
255 255 255
255 255 255
255 255 255
255 255 255
255 255 255
255 255 255
255 255 255
255 255 255
255 255 255
255 255 255
255 255 255
255 255 255
255 255 255
255 255 255
255 255 255
255 255 255
255 255 255
255 255 255
255 255 255
255 255 255
255 255 255
255 255 255
255 255 255
255 255 255
255 255 255
255 255 255
255 255 255
255 255 255
255 255 255
