28
1 -1 0
1 1 0
-1 1 0
-1 -1 0
1 -1 4
1 1 4
-1 1 4
-1 -1 4
0.1 0 4.2
0.1 0 7
-0.1 0 7
-0.1 0 4.2
0.5 0 7
0.5 0 7.2
-0.5 0 7.2
-0.5 0 7
0.5 0 7
0.5 0 7.2
0.7 0 6.95
-0.5 0 7.2
-0.5 0 7
-0.7 0 6.95
0.7 0 6.95
0.95 0 6.7
0.5 0 7
-0.7 0 6.95
-0.95 0 6.7
-0.5 0 7

20
0 2 1
0 3 2
4 5 6
4 6 7
0 4 7
0 7 3
2 3 7
2 7 6
1 2 6
1 6 5
0 1 5
0 5 4
8 9 10
8 10 11
12 13 14
12 14 15
16 18 17
21 20 19
24 23 22
25 26 27

255 102 255
255 102 255
255 102 255
255 102 255
255 102 255
255 102 255
255 102 255
255 102 255
102 51 0
102 51 0
102 51 0
102 51 0
200 200 200
200 200 200
200 200 200
200 200 200
200 200 200
200 200 200
200 200 200
200 200 200
200 200 200
200 200 200
200 200 200
200 200 200
200 200 200
200 200 200
200 200 200
200 200 200
