53
1 -1 0
1 1 0
-1 1 0
-1 -1 0
1 -1 4
1 1 4
-1 1 4
-1 -1 4
0.6 0 4.7
0.6 0 6.7
-0.6 0 6.7
-0.6 0 4.7
0.6 0 6.7
0 0 7.0
-0.6 0 6.7
0.6 0 4.7
0.2 0 4.7
0.2 0 4.2
-0.2 0 4.2
-0.2 0 4.7
-0.6 0 4.7
0.2 0 4.2
0.2 0 4.7
-0.2 0 4.7
-0.2 0 4.2
0.15 -0.01 4.3
0.15 -0.01 6.2
-0.15 -0.01 6.2
-0.15 -0.01 4.3
0.475 -0.01 5.4
0.475 -0.01 5.7
-0.475 -0.01 5.7
-0.475 -0.01 5.4
0.8 0 5.9
0.8 0 6.5
0.6 0 6.5
0.6 0 5.9
1 0 6.5
0.8 0 6.5
0.8 0 5.9
1 0 6.5
0.75 0 7
0.7 0 6.5

-0.8 0 5.9
-0.8 0 6.5
-0.6 0 6.5
-0.6 0 5.9
-1 0 6.5
-0.8 0 6.5
-0.8 0 5.9
-1 0 6.5
-0.75 0 7
-0.7 0 6.5

31
0 2 1
0 3 2
4 5 6
4 6 7
0 4 7
0 7 3
2 3 7
2 7 6
1 2 6
1 6 5
0 1 5
0 5 4
8 9 10
8 10 11
12 13 14
15 16 17
18 19 20
21 22 23
21 23 24
25 26 27
25 27 28
29 30 31
29 31 32
33 34 35
33 35 36
37 38 39
40 41 42

46 45 44
46 44 43
49 48 47
52 51 50

153 0 73
153 0 73
153 0 73
153 0 73
153 0 73
153 0 73
153 0 73
153 0 73
80 80 80
80 80 80
80 80 80
80 80 80
80 80 80
80 80 80
80 80 80
80 80 80
80 80 80
80 80 80
80 80 80
80 80 80
80 80 80
80 80 80
80 80 80
80 80 80
80 80 80
30 30 30
30 30 30
30 30 30
30 30 30
30 30 30
30 30 30
30 30 30
30 30 30
80 25 0
80 25 0
80 25 0
80 25 0
80 25 0
80 25 0
80 25 0
80 25 0
80 25 0
80 25 0
80 25 0
80 25 0
80 25 0
80 25 0
80 25 0
80 25 0
80 25 0
80 25 0
80 25 0
80 25 0
