34
1 -1 0
1 1 0
-1 1 0
-1 -1 0
1 -1 4
1 1 4
-1 1 4
-1 -1 4
0.5 0 4.2
0.5 0 7.2
-0.5 0 7.2
-0.5 0 4.2
0.7 0 7.7
0.2 0 7.2
-0.2 0 7.2
-0.7 0 7.7
0.65 -0.01 6.45
0.65 -0.01 6.95
0.25 -0.01 6.95
0.25 -0.01 6.45
-0.25 -0.01 6.45
-0.25 -0.01 6.95
-0.65 -0.01 6.95
-0.65 -0.01 6.45
0.25 -0.01 4.9
0.25 -0.01 5.1
0.15 -0.01 5.1
0.15 -0.01 4.9
-0.15 -0.01 4.9
-0.15 -0.01 5.1
-0.25 -0.01 5.1
-0.25 -0.01 4.9
0.5 0 7.2
-0.5 0 7.2

24
0 2 1
0 3 2
4 5 6
4 6 7
0 4 7
0 7 3
2 3 7
2 7 6
1 2 6
1 6 5
0 1 5
0 5 4
8 9 10
8 10 11
32 12 13
14 15 33
16 17 18
16 18 19
20 21 22
20 22 23
24 25 26
24 26 27
28 29 30
28 30 31

255 204 0
255 204 0
255 204 0
255 204 0
255 204 0
255 204 0
255 204 0
255 204 0
102 51 0
102 51 0
102 51 0
102 51 0
70 51 0
70 51 0
70 51 0
70 51 0
0 0 0
0 0 0
0 0 0
0 0 0
0 0 0
0 0 0
0 0 0
0 0 0
0 0 0
0 0 0
0 0 0
0 0 0
0 0 0
0 0 0
0 0 0
0 0 0
70 51 0
70 51 0
