29
1 -1 0
1 1 0
-1 1 0
-1 -1 0
1 -1 4
1 1 4
-1 1 4
-1 -1 4
0.1 0 4.2
0.1 0 4.7
-0.1 0 4.7
-0.1 0 4.2
0.4 0 4.7
0.4 0 4.9
-0.4 0 4.9
-0.4 0 4.7
0.2 0 4.9
0.2 0 7.2
-0.2 0 7.2
-0.2 0 4.9
0.2 0 7.2
-0.2 0 7.2
0 0 7.7
0.4 0 4.7
0.4 0 4.9
0.5 -0 4.8
-0.4 0 4.9
-0.4 0 4.7
-0.5 0 4.8

21
0 2 1
0 3 2
4 5 6
4 6 7
0 4 7
0 7 3
2 3 7
2 7 6
1 2 6
1 6 5
0 1 5
0 5 4
8 9 10
10 11 8
12 13 14
14 15 12
16 17 18
16 18 19
20 22 21
23 25 24
26 28 27

0 102 255
0 102 255
0 102 255
0 102 255
0 102 255
0 102 255
0 102 255
0 102 255
102 51 0
102 51 0
102 51 0
102 51 0
50 50 50
50 50 50
50 50 50
50 50 50
200 200 200
200 200 200
200 200 200
200 200 200
200 200 200
200 200 200
200 200 200
50 50 50
50 50 50
50 50 50
50 50 50
50 50 50
50 50 50
