84
1 -1 0
1 1 0
-1 1 0
-1 -1 0
1 -1 4
1 1 4
-1 1 4
-1 -1 4
0.8 -0.8 4.2
0.9 -0.8 5
-0.9 -0.8 5
-0.8 -0.8 4.2
0.9 -0.8 5
0.9 -0.9 5.5
0.75 -0.8 5
0.75 -0.8 5
0.5 -0.9 5.5
0.25 -0.8 5
0.25 -0.8 5
0 -0.9 5.5
-0.25 -0.8 5
-0.25 -0.8 5
-0.5 -0.9 5.5
-0.75 -0.8 5
-0.75 -0.8 5
-0.9 -0.9 5.5
-0.9 -0.8 5
0.8 0.8 4.2
0.9 0.8 5
-0.9 0.8 5
-0.8 0.8 4.2
0.9 0.8 5
0.9 0.9 5.5
0.75 0.8 5
0.75 0.8 5
0.5 0.9 5.5
0.25 0.8 5
0.25 0.8 5
0 0.9 5.5
-0.25 0.8 5
-0.25 0.8 5
-0.5 0.9 5.5
-0.75 0.8 5
-0.75 0.8 5
-0.9 0.9 5.5
-0.9 0.8 5

0.8 0.8 4.2
0.8 0.9 5
0.8 -0.9 5
0.8 -0.8 4.2
0.8 0.9 5
0.9 0.9 5.5
0.8 0.7 5
0.8 0.7 5
0.9 0.5 5.5
0.8 0.25 5
0.8 0.25 5
0.9 0 5.5
0.8 -0.25 5
0.8 -0.25 5
0.9 -0.5 5.5
0.8 -0.75 5
0.8 -0.75 5
0.9 -0.9 5.5
0.8 -0.9 5
-0.8 0.8 4.2
-0.8 0.9 5
-0.8 -0.9 5
-0.8 -0.8 4.2
-0.8 0.9 5
-0.9 0.9 5.5
-0.8 0.7 5
-0.8 0.7 5
-0.9 0.5 5.5
-0.8 0.25 5
-0.8 0.25 5
-0.9 0 5.5
-0.8 -0.25 5
-0.8 -0.25 5
-0.9 -0.5 5.5
-0.8 -0.75 5
-0.8 -0.75 5
-0.9 -0.9 5.5
-0.8 -0.9 5

40
0 2 1
0 3 2
4 5 6
4 6 7
0 4 7
0 7 3
2 3 7
2 7 6
1 2 6
1 6 5
0 1 5
0 5 4
8 9 10
8 10 11
12 13 14
15 16 17
18 19 20
21 22 23
24 25 26
27 28 29
27 29 30
31 32 33
34 35 36
37 38 39
40 41 42
43 44 45

46 48 47
46 49 48
50 52 51 
53 55 54 
56 58 57 
59 61 60 
62 64 63 
65 67 66 
65 68 67 
69 71 70 
72 74 73 
75 77 76 
78 80 79 
81 83 82 

204 0 0
204 0 0
204 0 0
204 0 0
204 0 0
204 0 0
204 0 0
204 0 0
239 216 7
239 216 7
239 216 7
239 216 7
239 216 7
239 216 7
239 216 7
239 216 7
239 216 7
239 216 7
239 216 7
239 216 7
239 216 7
239 216 7
239 216 7
239 216 7
239 216 7
239 216 7
239 216 7
239 216 7
239 216 7
239 216 7
239 216 7
239 216 7
239 216 7
239 216 7
239 216 7
239 216 7
239 216 7
239 216 7
239 216 7
239 216 7
239 216 7
239 216 7
239 216 7
239 216 7
239 216 7
239 216 7
239 216 7
239 216 7
239 216 7
239 216 7
239 216 7
239 216 7
239 216 7
239 216 7
239 216 7
239 216 7
239 216 7
239 216 7
239 216 7
239 216 7
239 216 7
239 216 7
239 216 7
239 216 7
239 216 7
239 216 7
239 216 7
239 216 7
239 216 7
239 216 7
239 216 7
239 216 7
239 216 7
239 216 7
239 216 7
239 216 7
239 216 7
239 216 7
239 216 7
239 216 7
239 216 7
239 216 7
239 216 7
239 216 7
