22
1 -1 0
1 1 0
-1 1 0
-1 -1 0
1 -1 4
1 1 4
-1 1 4
-1 -1 4
0.8 0 4.7
0.8 0 7.7
-0.8 0 7.7
-0.8 0 4.7
0.8 0 4.7
-0.8 0 4.7
0 0 4.2
0.7 -0.01 4.8
0.7 -0.01 7.6
-0.7 -0.01 7.6
-0.7 -0.01 4.8
0.7 -0.01 4.8
-0.7 -0.01 4.8
0 0 4.3

18
0 2 1
0 3 2
4 5 6
4 6 7
0 4 7
0 7 3
2 3 7
2 7 6
1 2 6
1 6 5
0 1 5
0 5 4
8 9 10
8 10 11
12 13 14
15 16 17
15 17 18
19 20 21

255 102 0
255 102 0
255 102 0
255 102 0
255 102 0
255 102 0
255 102 0
255 102 0
128 128 128
128 128 128
128 128 128
128 128 128
128 128 128
128 128 128
128 128 128
102 51 0
102 51 0
102 51 0
102 51 0
102 51 0
102 51 0
102 51 0
